CENTER_RE=-0.7746806106269039
CENTER_IM=-0.1374168856037867

RANGE_S=2e-2
RANGE_E=2e-13

FRAMES=5000

IMAGE_WIDTH=1920
IMAGE_HEIGHT=1080

LOOP=1
