CENTER_RE=-0.81219549002734576215038065629628792678102117210083201392
CENTER_IM=-0.18542519496915597317478292083291094453953624221903960625

RANGE_S=1e-2
RANGE_E=1e-17

THETA_S=0
TURNS=1

FRAMES=5000

IMAGE_WIDTH=1920
IMAGE_HEIGHT=1080

LOOP=1
