CENTER_RE=-0.7746806106269039
CENTER_IM=-0.1374168856037867

RANGE_S=2e-3
RANGE_E=1e-13

FRAMES=500

IMAGE_WIDTH=980
IMAGE_HEIGHT=540

LOOP=1
