CENTER_RE=-0.81219549002731592875502199106124652299917854314514893227
CENTER_IM=-0.18542518935400681326968380989836969088130607524744771007

RANGE_S=1e-3
RANGE_E=1e-10
FRAMES=100

IMAGE_WIDTH=320
IMAGE_HEIGHT=180
