CENTER_RE=-0.7746806106266020994872631422190067951305536553263664
CENTER_IM=-0.1374168856037826086369506989326438883836090099066496

RANGE_S=1e-2
RANGE_E=1e-17

FRAMES=5000

IMAGE_WIDTH=1920
IMAGE_HEIGHT=1080

LOOP=0
