CENTER_RE=-0.77468061062687120111
CENTER_IM=-0.13741688560372130221


RANGE_S=1e-2
RANGE_E=1e-13

FRAMES=500

IMAGE_WIDTH=960
IMAGE_HEIGHT=520

LOOP=1
