CENTER_RE=-0.743291890852430203178864079732928781048879471415530370083313150
CENTER_IM=0.1312405523087976045493474233902208417186606174208137220225662074

RANGE_S=1e-3
RANGE_E=1e-17
FRAMES=5000

THETA_S=3.1415926535897932384626
TURNS=3

IMAGE_WIDTH=1920
IMAGE_HEIGHT=1080

LOOP=1
